[history/.dummy_history]
version = 6.4.3
modtime = 1473393383.486095000

[ui-tour/search-tour]
version = 6.4.3
modtime = 1473393386.628468000

[ui-prefs/search]
version = 6.4.3
modtime = 1473989090.991972000

[ui-tour/dashboards-tour%3Aenterprise]
version = 6.4.3
modtime = 1473723668.285818000
