[app/ui]
version = 6.4.3
modtime = 1475659509.386736000

[app/launcher]
version = 6.4.3
modtime = 1475659509.387887000
