[history/.dummy_history]
version = 6.4.3
modtime = 1475659538.076791000

[views/showpassedweathers]
version = 6.4.3
modtime = 1475660794.537676000

[ui-prefs/search]
version = 6.4.3
modtime = 1475660287.510704000
